77.5 76.0 0.0 76.6 0.0 1.0 
87.5 87.0 1.0 87.2 0.0 1.0 
70.83 65.0 0.0 67.332 0.0 1.0 
58.33 79.0 1.0 70.732 0.0 1.0 
60.83 58.0 0.0 59.132 0.0 1.0 
73.33 89.0 1.0 82.73200000000001 0.0 1.0 
74.17 77.0 1.0 75.868 0.0 1.0 
63.33 83.0 1.0 75.132 0.0 1.0 
44.17 66.0 0.0 57.268 0.0 1.0 
84.29 72.0 1.0 76.916 1.0 0.0 
60.48 75.0 0.0 69.192 1.0 0.0 
88.57 76.0 1.0 81.028 1.0 0.0 
46.25 68.0 0.0 59.3 0.0 1.0 
76.19 82.0 0.0 79.676 1.0 0.0 
51.25 62.0 1.0 57.7 0.0 1.0 
52.08 56.0 0.0 54.432 0.0 1.0 
56.67 64.0 0.0 61.06800000000001 0.0 1.0 
54.58 58.0 1.0 56.632 0.0 1.0 
55.0 64.0 0.0 60.4 0.0 1.0 
71.43 68.0 1.0 69.372 1.0 0.0 
52.38 77.0 0.0 67.152 1.0 0.0 
80.83 84.0 1.0 82.73200000000001 0.0 1.0 
53.75 82.0 0.0 70.7 0.0 1.0 
70.48 50.0 0.0 58.192 1.0 0.0 
45.42 65.0 1.0 57.168 0.0 1.0 
65.83 80.0 0.0 74.332 0.0 1.0 
56.25 64.0 0.0 60.9 0.0 1.0 
73.33 74.0 1.0 73.732 1.0 0.0 
48.33 58.0 0.0 54.132 0.0 1.0 
57.92 58.0 1.0 57.968 0.0 1.0 
78.33 70.0 1.0 73.332 0.0 1.0 
66.67 76.0 1.0 72.268 0.0 1.0 
80.0 74.0 1.0 76.4 1.0 0.0 
57.14 75.0 1.0 67.85600000000001 1.0 0.0 
76.67 74.0 1.0 75.068 1.0 0.0 
40.83 64.0 0.0 54.732 0.0 1.0 
82.38 87.0 1.0 85.152 1.0 0.0 
73.75 81.0 1.0 78.1 0.0 1.0 
57.14 61.0 0.0 59.456 1.0 0.0 
56.67 81.0 1.0 71.268 1.0 0.0 
70.0 76.0 1.0 73.6 1.0 0.0 
82.38 64.0 1.0 71.352 1.0 0.0 
54.76 49.0 0.0 51.304 1.0 0.0 
44.58 66.0 1.0 57.432 0.0 1.0 
73.81 77.0 1.0 75.72399999999998 1.0 0.0 
53.81 58.0 1.0 56.324 1.0 0.0 
70.95 70.0 0.0 70.38 1.0 0.0 
73.75 66.0 1.0 69.1 0.0 1.0 
79.05 74.0 0.0 76.02 1.0 0.0 
73.81 81.0 1.0 78.124 1.0 0.0 
70.83 68.0 0.0 69.132 0.0 1.0 
70.83 74.0 0.0 72.732 0.0 1.0 
58.75 76.0 1.0 69.1 0.0 1.0 
70.0 84.0 0.0 78.4 1.0 0.0 
55.0 73.0 1.0 65.8 0.0 1.0 
55.0 82.0 0.0 71.2 0.0 1.0 
67.62 56.0 0.0 60.648 1.0 0.0 
57.5 70.0 0.0 65.0 0.0 1.0 
80.0 87.0 1.0 84.2 0.0 1.0 
82.38 70.0 0.0 74.952 1.0 0.0 
69.58 86.0 1.0 79.432 0.0 1.0 
55.24 68.0 1.0 62.896 1.0 0.0 
73.75 91.0 1.0 84.1 0.0 1.0 
68.33 91.0 1.0 81.932 0.0 1.0 
80.0 95.0 1.0 89.0 1.0 0.0 
55.83 58.0 0.0 57.132 0.0 1.0 
92.08 59.0 0.0 72.232 0.0 1.0 
50.42 75.0 1.0 65.168 0.0 1.0 
51.25 67.0 0.0 60.7 0.0 1.0 
62.38 75.0 1.0 69.952 1.0 0.0 
58.75 89.0 1.0 76.9 0.0 1.0 
88.75 91.0 1.0 90.1 0.0 1.0 
72.5 72.0 1.0 72.2 0.0 1.0 
64.58 69.0 1.0 67.232 0.0 1.0 
71.67 69.0 1.0 70.068 0.0 1.0 
45.83 46.0 0.0 45.932 0.0 1.0 
59.05 76.0 1.0 69.22 1.0 0.0 
77.5 91.0 1.0 85.6 0.0 1.0 
